80182061
71823264
66428448
65266926
63472637
62258685
61376086
59354729
58438631
57328755
55560190
54740443
53690808
52872961
52138708
51099696
49829588
49042651
48024169
47320544
46529908
45548092
44840182
43893759
43485838
42687785
41577267
41024211
40228834
39561759
39166615
38400169
37679822
37261474
36576008
36079989
35677106
35043828
34395754
34115412
33472233
33171466
32834070
32139287
31928885
31379880
31206224
30642467
30177043
29793893
29603505
29067439
28930362
28654404
28453311
28013664
27684637
27502553
26999662
26649884
26568553
26352570
26233579
25753604
25415595
25264826
25018979
24918933
24509775
24271874
24196688
24078988
23723127
23628918
23568560
23188785
23118949
22905024
22833286
22819116
22633290
22578494
22218399
22089636
22024045
21840203
21791983
21776732
21768313
21752618
21712072
21530784
21507042
21471114
21295244
21257392
21048678
21007127
20798089
20753135
20739875
20408665
20354520
20317432
20300156
20100415
20060601
20032255
19859674
19828958
19818605
19812285
19808178
19768108
19590698
19566553
19561178
19558518
19557934
19557934
19557934
19556546
19380247
19347382
19337075
19329480
19329253
19329253
19329253
19329253
19329253
19329253
19329253
19329253
19329253
19329253
19329253
19329253
19329253
19329253
19329253
19329253
19329253
19329253
19329253
19329253
19329253
19329253
19329253
19329253
19329253
