75802881
59288407
50586778
48258262
47450561
46850031
46115599
44865192
44180249
43483626
42142167
41476732
40605470
39989166
39394002
38320357
37600748
36980931
36402546
35806115
35162412
34494479
34137125
33496271
33095624
32499523
32016138
31462920
31125611
30631744
30188848
29903975
29363528
28924788
28694696
28227495
27757775
27521005
27237516
27008547
26462613
26176936
25836848
25683442
25266954
25090566
24900937
24731559
24314385
24049063
23912711
23560954
23412796
23018424
22924901
22789971
22394662
22321124
21937179
21858764
21660515
21543336
21367099
21284016
20922420
20649427
20570321
20336506
20303095
20128943
20063480
19722472
19654147
19623747
19583381
19258507
19198962
18885642
18805562
18740736
18529244
18485914
18308561
18264112
18251505
18245586
18238557
18090771
18073073
18064351
18063653
18063408
18063116
18028135
17853806
17835049
17815616
17643608
17628126
17627808
17604419
17453698
17416527
17415004
17415004
17415004
17415004
17415004
17415004
17415004
17415004
17415004
17415004
17411426
17255108
17233468
17227939
17224517
17224178
17189336
17026050
17009918
16865504
16828331
16818769
16818769
16818769
16818769
16818769
16818769
16818769
16818769
16818769
16818769
16818769
16818769
16818769
16818769
16818769
16818769
16818769
16818769
16812043
16658247
16624729
16620027
16617330
16616236
16615642
16615464
16612755
16459338
16432405
16423493
16422949
16422949
16422949
16422949
16412637
16225882
16202832
16201227
16200418
16198428
16197871
16197871
16197871
16197871
16197871
16197871
16197871
16197871
16197871
16197871
16197871
16197871
16197871
16197871
16197871
16191814
16052375
16030831
16026691
16021081
16020399
16019888
16019888
16019888
16019888
16019888
16019888
16019888
16019888
16019888
16019888
16019888
16019888
16019888
16019888
16019888
16019888
16019888
16019888
16019888
16019888
16019888
16019888
16019888
16019888
16019888
16019888
16019888
16019888
16019888
16019888
16019888
16019888
16019888
16019888
16019888
16019888
16019888
16019888
16019888
16019888
16019888
16019888
16019888
16019888
16019888
16019888
16019888
16019888
16019888
16019888
16019888
16019888
16019888
16019888
16019888
16019888
16019888
16019888
16019888
16019888
16019888
16019888
16019888
16019888
16019888
16019888
16019888
16019888
16019888
16019888
16019888
