56819080
54128578
51873982
49831257
48484027
47458599
46890708
45997612
45247625
44521761
43914209
43125748
42460870
41785450
41253078
40667468
39964130
39360670
38583910
37961056
37509368
37008939
36386225
35883747
35423721
34965732
34558063
34070292
33679402
33219387
32896556
32451459
31938824
31608274
31315178
31021110
30685226
30207905
29782901
29536850
29283322
28864788
28478912
28065443
27811596
27663381
27346222
27139997
26873539
26576953
26271416
26066660
25829877
25568793
25348740
25042767
24770514
24594168
24442363
24191689
24093765
23904392
23780395
23657616
23484323
23316363
23016058
22819753
22645080
22562932
22489614
22399453
22311931
22121206
21996320
21829953
21704868
21544147
21464265
21432539
21321308
21153450
21064565
21035765
20976250
20823102
20696449
20605323
20556006
20442311
20362754
20317848
20267440
20164842
20094161
20056718
20029377
19997498
19904750
19847914
19807315
19774319
19754283
19662220
19588671
19554779
19531078
19516363
19472329
19367963
19322036
19289734
19262455
19244910
19197471
19030001
18891590
18756059
18694689
18668682
18652176
18636360
18628981
18615675
18541267
18471016
18441689
18426530
18411807
18406047
18310002
18243697
18205245
18182673
18167929
18155411
18143905
18143204
18142695
18142695
18134495
18043131
17985313
17958680
17938120
17923363
17910975
17908101
17904906
17901625
17901214
