68428950
58703569
53483872
52631828
51800520
50409270
49406116
48556107
47305305
46553840
45747248
44391753
43609417
42649586
41567185
40868256
40318767
39374946
38552465
37944051
37092995
36646853
36065221
35539119
35006845
34570166
33818593
33147725
32744701
31855884
31332146
30900608
30382275
29936926
29464151
29080184
28395037
27828928
27576624
27041865
26639450
26441586
26023809
25620803
25424049
24987110
24675787
24499612
23958080
23700555
23504673
23069227
22885326
22462054
22293270
22003882
21910392
21445784
21239769
21120857
20609330
20366891
20266140
19903551
19792427
19709207
19298337
19062232
18988237
18794417
18750940
18449856
18352883
18325759
18165078
18120577
17941624
17900385
17716180
17682646
17633234
17488784
17470655
17459077
17162238
17109669
17047057
16742096
16670327
16630420
16336234
16277853
16231087
16086483
16064356
16032407
15888170
15870611
15861324
15857203
15857203
15857203
15857203
15857203
15825526
15696955
15684021
15679170
15678323
15672498
15534156
15508739
15506526
15504144
15504006
15504006
15504006
15504006
15504006
15504006
15504006
15504006
15469071
15314819
15294454
15288225
15285709
15285083
15285083
15285083
15285083
15285083
15285083
15285083
15285083
15285083
15285083
15285083
15285083
15285083
15282608
15124462
15101058
15098747
15094676
14937991
14914863
14910629
14907734
14907734
14907734
14907734
14907734
14907734
14907734
14907734
14907734
14907734
14907734
14907734
14907734
14903263
14744144
14720661
14719505
14719505
14719505
14719505
14719505
14719505
14719505
14717206
14551723
14538548
14534977
14534560
14533745
14533745
14533745
14533745
14533745
14533745
14533745
14533745
14533745
14533745
14533745
14533745
14533745
14533745
14533745
14533745
14533745
14533745
14533745
14533745
14533745
14533745
14533745
14533745
14533745
14533745
14533745
14533745
14533745
14533745
14533745
14533745
14533745
14533745
14533745
14533745
14533745
14533745
14533745
14533745
14533745
14533745
14533745
14533745
14533745
14533745
14533745
14533745
14533745
14533745
14533745
14533745
14533745
14533745
14533745
14533745
14533745
14533745
14533745
14533745
14533745
14533745
14533745
14533745
14533745
14511576
14363698
14337275
14330641
14330496
14330487
14330487
14330487
14330487
14330487
14330487
14308988
14165043
14145198
14140397
