63494177
61272684
59186829
57650398
56348238
55225725
54141694
52852193
51968321
50917100
49808343
48948080
48069830
46968872
46208731
45335524
44594688
43623353
42815889
42120594
41377292
40631010
39889488
39208774
38321019
37779476
36970630
36346094
35746072
35131224
34684195
34095924
33627600
33010244
32500325
32134044
31625171
31174741
30623786
30071273
29673802
29184783
28633179
28229947
27830642
27502072
27160743
26640488
26343794
26043893
25747055
25468612
25099971
24644145
24373887
24104572
23712292
23452438
23200175
22946701
22724050
22472015
22167806
21939556
21743093
21527523
21271137
21126817
20915947
20761800
20499904
20303381
20130982
19984450
19759193
19547952
19380991
19269360
19039983
18916519
18792296
18558379
18386649
18250465
18135648
17945588
17843608
17695554
17534130
17416085
17291577
17154788
17053947
16960172
16886839
16772472
16696350
16651449
16560317
16425893
16338034
