53732529
49270003
46275434
44430220
43299851
42316731
41693482
40717719
40083584
39266661
38489992
37747525
37294394
36546783
35934924
35408877
34810386
34156358
33628787
33003514
32385849
31799030
31374902
30923487
30477650
29782929
29396411
29040248
28595236
28070777
27616094
27239197
26774195
26382580
26073774
25710201
25353453
24991394
24625862
24352130
24046708
23774231
23489576
23206328
22956418
22645368
22339578
22085374
21896121
21711763
21471805
21292421
20951286
20761174
20447217
20289995
20114004
19933777
19755572
19630703
19447963
19243386
19128018
18920839
18778721
18534492
18347301
18170297
18015913
17880575
17755273
17658345
17475590
17347864
17224585
17117618
16977166
16889008
16788571
16670959
16597548
16494080
16350454
16266113
16142662
15989597
15866878
15776280
15718525
15538218
15438386
15410987
15348160
15263313
15191245
15134233
15106841
15084019
15055080
14918553
14806962
14696640
14591569
14511805
14440539
14405684
14387223
14361352
14286250
14234560
14204699
14177217
14118646
14078931
14052688
14036717
14012969
13947820
13899512
13887009
13880380
13867663
13860529
13800575
13773104
13751266
13739072
13731153
13721692
13695075
13639967
13602043
13590821
13586179
13576529
13570712
13567320
13564523
13563080
13562469
13562469
13562469
13562469
13562469
13549996
13495176
13462110
13439754
13427373
13418026
13413120
