22665275
22187185
21935670
21702062
21472557
21198920
20974816
20772458
20594552
20437698
20233546
20085162
19921246
19712750
19553143
19407530
19223312
19069765
18883822
18651254
18484161
18321964
18139709
17954136
17788776
17596991
17428555
17227210
17052205
16983386
16857745
16777568
16652755
16548925
16426395
16319828
16202626
16093286
15968722
15855508
15749820
15630333
15520406
15421399
15355200
15263817
15179128
15073975
15007892
14915897
14820565
14745182
14674467
14613065
14555767
14485053
14421394
14361316
14321620
14268687
14200960
14135834
14044556
13979207
13907254
13835898
13779265
13735479
13681082
13639549
13589505
13539602
13490113
13445185
13385435
13345424
13297691
13256820
13227867
13196894
13160449
13144483
13107866
13075604
13025798
12993891
12964288
12935563
12916973
12893025
12878460
12832589
12814975
12805031
12788216
12777705
12762250
12727502
12696147
12661542
12632659
12604287
12577057
12557320
12550059
12548179
12548179
12546332
12530943
12516424
12504515
12481400
12454199
12433226
12417699
12391265
12379815
12363537
12348662
12337128
12323389
12313523
12306812
12305023
12280573
12267457
12255936
12241216
12229508
12221262
12211467
12204860
12196445
12177495
12158720
12145680
12131167
12117419
12107061
12097469
12082958
12077066
12072671
12067805
12066399
12061789
12056328
12054215
12052060
12049584
12047708
12039267
12022480
12011258
11999668
11992123
11981641
11978719
11977570
11977147
11975137
11974431
11972581
11953137
11932563
11918679
11900610
11893362
11893362
11893362
11893362
11893362
11893362
11893362
11893362
11893362
11893362
11893362
11893362
11893362
11893362
11893362
11893362
11893362
11893362
11887861
11877999
11860817
11843111
11829435
11819226
11806970
11797987
11792534
11786988
11782261
11777607
11772739
11771765
11771619
11771619
11771619
11771302
11757087
11740936
11732474
11724279
11714607
11702677
11695701
11689126
11680074
11677397
11673505
11665844
11655364
11650723
11650667
11650667
11650667
11650667
11650667
11650667
11650667
11650667
11650667
11650667
11650667
11650667
11650667
11650667
11650667
11650667
11650667
11650667
11642257
11631082
11617870
11606294
11596542
11588321
11577686
11567241
11564968
11564647
11564647
11564647
11564647
11564647
11564647
11564647
11564647
11564647
11564647
11564647
11564647
