88517809
68980868
58952476
54389417
52479642
51608433
50500672
49531899
48755904
47874282
47068040
46067949
44624651
43957003
43143275
42467453
41527327
40860049
40186762
39416838
38958349
38385907
37748006
37097355
36458240
35605993
34978839
34453342
33916632
33541799
33108031
32562055
32085802
31823013
31257891
30732384
30246399
29902461
29523468
29026424
28626702
28191166
27912868
27269608
27044834
26491377
26265107
25951210
25416855
25172929
24948424
24731997
24319980
23962519
23779310
23528959
23207391
23046392
22678466
22417819
22272424
21892772
21776183
21552355
21437160
21097539
20971892
20760398
20632688
20300404
20135973
19992363
19657119
19570745
19434472
19293425
18963136
18876731
18829713
18744462
18433639
18343313
17958038
17858691
17638533
17594868
17536134
17329796
17271425
17075298
17032817
17026946
17022820
17004145
16817979
16792514
16784360
16771747
16591905
16553154
16519865
16330843
16300408
16292866
16291497
16198071
16008130
15988545
15981719
15825825
15796531
15773943
15616695
15593552
15578528
15573489
15573464
15573464
15573464
15573464
15573464
15573464
15552323
15369699
15348016
15339126
15338577
15338577
15338577
15305903
15144996
15113417
15108357
15105865
15105355
15082640
14918007
14890185
14882198
14876601
14875751
14875751
14875751
14875751
14875751
14875751
14875751
14875751
14875751
14875751
14874579
14709011
14680852
14677983
14677719
14676874
14676874
14676874
14676874
14653519
14479896
14444288
14441229
14437430
14437010
14437010
14431515
14274655
14246353
14238350
14236153
14234086
14233854
14233854
14233854
14233854
14233854
14233854
14233854
14233854
14233854
14233854
14233854
14233854
14233854
14233854
14233854
14233854
14233854
14233854
14233854
14233854
14233854
14233854
14233854
14233854
14220969
14060114
14021289
14016304
14013371
14013371
14013371
14013371
14013371
14013371
14013371
14013371
14013371
14013371
14013371
14013371
14013371
14013371
14013371
14013371
14013371
14013371
14013371
14013371
14013371
14013371
14013371
14013371
14013371
14013371
14013371
14013371
14013371
14013371
14013371
14013371
14013371
13987762
13838002
13802259
13797902
13796102
13794836
13794836
13794836
13794836
13794836
13794836
13794836
13794836
13794836
13794836
13794836
13794836
13794836
13794836
13794836
13794836
13794836
13794836
